Rs=4.472*cos(2*pi*0.824);
Vm=1.131*10;
Pm=(Vm^2)/(8*Rs)