T=[0, 0; 0, 0];
T(1, 1)=(cos(2*pi*0.217)+j*sin(2*pi*0.217))/1.494;
T(2, 1)=(cos(2*pi*0.186)+j*sin(2*pi*0.186))/7.616;
T(1, 2)=(cos(2*pi*0.386)+j*sin(2*pi*0.386))/1.452;
T(2, 2)=(cos(2*pi*0.333)+j*sin(2*pi*0.333))/1.523;
T