R=2;
rm=14;
C=1/4;
L=1/2;
I0=5;
